Configuration: 
[47, 57, 43, 55, 53, 118, 112, 117, 119, 244, 211, 234, 213, 482, 334, 473, 295]
Number of parameters: 
11185542
Test accuracy: 
tensor(0.9896)
Number of new parameters: 
9306812
Test accuracy: 
tensor(0.1729)
Prune radio: 
0.8320394309010686

                 module name  input shape output shape     params memory(MB)             MAdd            Flops  MemRead(B)  MemWrite(B) duration[%]   MemR+W(B)
0                      conv1    3 192 256   64  96 128     9408.0       3.00    230,424,576.0    115,605,504.0    627456.0    3145728.0      13.95%   3773184.0
1                        bn1   64  96 128   64  96 128      128.0       3.00      3,145,728.0      1,572,864.0   3146240.0    3145728.0       0.00%   6291968.0
2                       relu  295   6   8  295   6   8        0.0       0.05         14,160.0         14,160.0     56640.0      56640.0       0.00%    113280.0
3                    maxpool   64  96 128   64  48  64        0.0       0.75      1,572,864.0        786,432.0   3145728.0     786432.0       6.00%   3932160.0
4              layer1.0.relu   64  48  64   64  48  64        0.0       0.75        196,608.0        196,608.0    786432.0     786432.0       2.00%   1572864.0
5               layer1.0.bn0   64  48  64   64  48  64      128.0       0.75        786,432.0        393,216.0    786944.0     786432.0       0.00%   1573376.0
6            layer1.0.select   64  48  64   47  48  64       64.0       0.55              0.0              0.0         0.0          0.0       0.00%         0.0
7             layer1.0.conv1   47  48  64   57  48  64    24111.0       0.67    147,962,880.0     74,068,992.0    673980.0     700416.0       2.00%   1374396.0
8               layer1.0.bn1   57  48  64   57  48  64      114.0       0.67        700,416.0        350,208.0    700872.0     700416.0       2.00%   1401288.0
9             layer1.0.conv2   57  48  64   64  48  64    32832.0       0.75    201,523,200.0    100,859,904.0    831744.0     786432.0       2.00%   1618176.0
10              layer1.0.bn2   64  48  64   64  48  64      128.0       0.75        786,432.0        393,216.0    786944.0     786432.0       0.00%   1573376.0
11             layer1.1.relu   64  48  64   64  48  64        0.0       0.75        196,608.0        196,608.0    786432.0     786432.0       0.00%   1572864.0
12              layer1.1.bn0   64  48  64   64  48  64      128.0       0.75        786,432.0        393,216.0    786944.0     786432.0       0.00%   1573376.0
13           layer1.1.select   64  48  64   43  48  64       64.0       0.50              0.0              0.0         0.0          0.0       0.00%         0.0
14            layer1.1.conv1   43  48  64   55  48  64    21285.0       0.64    130,606,080.0     65,387,520.0    613524.0     675840.0       2.00%   1289364.0
15              layer1.1.bn1   55  48  64   55  48  64      110.0       0.64        675,840.0        337,920.0    676280.0     675840.0       0.00%   1352120.0
16            layer1.1.conv2   55  48  64   64  48  64    31680.0       0.75    194,445,312.0     97,320,960.0    802560.0     786432.0       2.00%   1588992.0
17              layer1.1.bn2   64  48  64   64  48  64      128.0       0.75        786,432.0        393,216.0    786944.0     786432.0       0.00%   1573376.0
18             layer2.0.relu  128  24  32  128  24  32        0.0       0.38         98,304.0         98,304.0    393216.0     393216.0       2.00%    786432.0
19              layer2.0.bn0   64  48  64   64  48  64      128.0       0.75        786,432.0        393,216.0    786944.0     786432.0       0.00%   1573376.0
20           layer2.0.select   64  48  64   53  48  64       64.0       0.62              0.0              0.0         0.0          0.0       2.00%         0.0
21            layer2.0.conv1   53  48  64  118  24  32    56286.0       0.35     86,364,672.0     43,227,648.0    876408.0     362496.0       2.00%   1238904.0
22              layer2.0.bn1  118  24  32  118  24  32      236.0       0.35        362,496.0        181,248.0    363440.0     362496.0       0.00%    725936.0
23            layer2.0.conv2  118  24  32  128  24  32   135936.0       0.38    208,699,392.0    104,398,848.0    906240.0     393216.0       2.00%   1299456.0
24              layer2.0.bn2  128  24  32  128  24  32      256.0       0.38        393,216.0        196,608.0    394240.0     393216.0       0.00%    787456.0
25     layer2.0.downsample.0   64  48  64  128  24  32     8192.0       0.38     12,484,608.0      6,291,456.0    819200.0     393216.0       2.00%   1212416.0
26     layer2.0.downsample.1  128  24  32  128  24  32      256.0       0.38        393,216.0        196,608.0    394240.0     393216.0       0.00%    787456.0
27             layer2.1.relu  128  24  32  128  24  32        0.0       0.38         98,304.0         98,304.0    393216.0     393216.0       0.00%    786432.0
28              layer2.1.bn0  128  24  32  128  24  32      256.0       0.38        393,216.0        196,608.0    394240.0     393216.0       0.00%    787456.0
29           layer2.1.select  128  24  32  112  24  32      128.0       0.33              0.0              0.0         0.0          0.0       0.00%         0.0
30            layer2.1.conv1  112  24  32  117  24  32   117936.0       0.34    181,059,840.0     90,574,848.0    815808.0     359424.0       4.00%   1175232.0
31              layer2.1.bn1  117  24  32  117  24  32      234.0       0.34        359,424.0        179,712.0    360360.0     359424.0       0.00%    719784.0
32            layer2.1.conv2  117  24  32  128  24  32   134784.0       0.38    206,929,920.0    103,514,112.0    898560.0     393216.0       4.00%   1291776.0
33              layer2.1.bn2  128  24  32  128  24  32      256.0       0.38        393,216.0        196,608.0    394240.0     393216.0       0.00%    787456.0
34             layer3.0.relu  256  12  16  256  12  16        0.0       0.19         49,152.0         49,152.0    196608.0     196608.0       0.00%    393216.0
35              layer3.0.bn0  128  24  32  128  24  32      256.0       0.38        393,216.0        196,608.0    394240.0     393216.0       0.00%    787456.0
36           layer3.0.select  128  24  32  119  24  32      128.0       0.35              0.0              0.0         0.0          0.0       2.00%         0.0
37            layer3.0.conv1  119  24  32  244  12  16   261324.0       0.18    100,301,568.0     50,174,208.0   1410864.0     187392.0       2.00%   1598256.0
38              layer3.0.bn1  244  12  16  244  12  16      488.0       0.18        187,392.0         93,696.0    189344.0     187392.0       0.00%    376736.0
39            layer3.0.conv2  244  12  16  256  12  16   562176.0       0.19    215,826,432.0    107,937,792.0   2436096.0     196608.0       4.00%   2632704.0
40              layer3.0.bn2  256  12  16  256  12  16      512.0       0.19        196,608.0         98,304.0    198656.0     196608.0       0.00%    395264.0
41     layer3.0.downsample.0  128  24  32  256  12  16    32768.0       0.19     12,533,760.0      6,291,456.0    524288.0     196608.0       2.00%    720896.0
42     layer3.0.downsample.1  256  12  16  256  12  16      512.0       0.19        196,608.0         98,304.0    198656.0     196608.0       0.00%    395264.0
43             layer3.1.relu  256  12  16  256  12  16        0.0       0.19         49,152.0         49,152.0    196608.0     196608.0       2.00%    393216.0
44              layer3.1.bn0  256  12  16  256  12  16      512.0       0.19        196,608.0         98,304.0    198656.0     196608.0       0.00%    395264.0
45           layer3.1.select  256  12  16  211  12  16      256.0       0.15              0.0              0.0         0.0          0.0       0.00%         0.0
46            layer3.1.conv1  211  12  16  234  12  16   444366.0       0.17    170,591,616.0     85,318,272.0   1939512.0     179712.0       4.01%   2119224.0
47              layer3.1.bn1  234  12  16  234  12  16      468.0       0.17        179,712.0         89,856.0    181584.0     179712.0       0.00%    361296.0
48            layer3.1.conv2  234  12  16  256  12  16   539136.0       0.19    206,979,072.0    103,514,112.0   2336256.0     196608.0       6.00%   2532864.0
49              layer3.1.bn2  256  12  16  256  12  16      512.0       0.19        196,608.0         98,304.0    198656.0     196608.0       0.00%    395264.0
50             layer4.0.relu  512   6   8  512   6   8        0.0       0.09         24,576.0         24,576.0     98304.0      98304.0       0.00%    196608.0
51              layer4.0.bn0  256  12  16  256  12  16      512.0       0.19        196,608.0         98,304.0    198656.0     196608.0       0.00%    395264.0
52           layer4.0.select  256  12  16  213  12  16      256.0       0.16              0.0              0.0         0.0          0.0       0.00%         0.0
53            layer4.0.conv1  213  12  16  482   6   8   923994.0       0.09     88,680,288.0     44,351,712.0   3859560.0      92544.0       4.00%   3952104.0
54              layer4.0.bn1  482   6   8  482   6   8      964.0       0.09         92,544.0         46,272.0     96400.0      92544.0       0.00%    188944.0
55            layer4.0.conv2  482   6   8  512   6   8  2221056.0       0.09    213,196,800.0    106,610,688.0   8976768.0      98304.0      10.01%   9075072.0
56              layer4.0.bn2  512   6   8  512   6   8     1024.0       0.09         98,304.0         49,152.0    102400.0      98304.0       0.00%    200704.0
57     layer4.0.downsample.0  256  12  16  512   6   8   131072.0       0.09     12,558,336.0      6,291,456.0    720896.0      98304.0       0.00%    819200.0
58     layer4.0.downsample.1  512   6   8  512   6   8     1024.0       0.09         98,304.0         49,152.0    102400.0      98304.0       0.00%    200704.0
59             layer4.1.relu  512   6   8  512   6   8        0.0       0.09         24,576.0         24,576.0     98304.0      98304.0       0.00%    196608.0
60              layer4.1.bn0  512   6   8  512   6   8     1024.0       0.09         98,304.0         49,152.0    102400.0      98304.0       0.00%    200704.0
61           layer4.1.select  512   6   8  334   6   8      512.0       0.06              0.0              0.0         0.0          0.0       0.00%         0.0
62            layer4.1.conv1  334   6   8  473   6   8  1421838.0       0.09    136,473,744.0     68,248,224.0   5751480.0      90816.0       2.00%   5842296.0
63              layer4.1.bn1  473   6   8  473   6   8      946.0       0.09         90,816.0         45,408.0     94600.0      90816.0       0.00%    185416.0
64            layer4.1.conv2  473   6   8  512   6   8  2179584.0       0.09    209,215,488.0    104,620,032.0   8809152.0      98304.0      10.00%   8907456.0
65              layer4.1.bn2  512   6   8  512   6   8     1024.0       0.09         98,304.0         49,152.0    102400.0      98304.0       0.00%    200704.0
66                       bn2  512   6   8  512   6   8     1024.0       0.09         98,304.0         49,152.0    102400.0      98304.0       0.00%    200704.0
67                    select  512   6   8  295   6   8      512.0       0.05              0.0              0.0         0.0          0.0       0.00%         0.0
68                   avgpool  295   6   8  295   1   1        0.0       0.00              0.0              0.0         0.0          0.0       2.00%         0.0
69                        fc          295            6     1776.0       0.00          3,534.0          1,770.0      8284.0         24.0       0.00%      8308.0
total                                                   9306812.0      27.95  2,982,352,590.0  1,492,730,970.0      8284.0         24.0     100.00%  90401444.0
===============================================================================================================================================================
Total params: 9,306,812
---------------------------------------------------------------------------------------------------------------------------------------------------------------
Total memory: 27.95MB
Total MAdd: 2.98GMAdd
Total Flops: 1.49GFlops
Total MemR+W: 86.21MB
