Configuration: 
[28, 49, 28, 43, 37, 111, 88, 108, 110, 232, 170, 211, 185, 450, 188, 417, 96]
Number of parameters: 
11185542
Test accuracy: 
tensor(0.9896)
Number of new parameters: 
7671071
Test accuracy: 
tensor(0.1750)
Prune radio: 
0.6858023509276528

                 module name  input shape output shape     params memory(MB)             MAdd            Flops  MemRead(B)  MemWrite(B) duration[%]   MemR+W(B)
0                      conv1    3 192 256   64  96 128     9408.0       3.00    230,424,576.0    115,605,504.0    627456.0    3145728.0      18.86%   3773184.0
1                        bn1   64  96 128   64  96 128      128.0       3.00      3,145,728.0      1,572,864.0   3146240.0    3145728.0       2.70%   6291968.0
2                       relu   96   6   8   96   6   8        0.0       0.02          4,608.0          4,608.0     18432.0      18432.0       0.00%     36864.0
3                    maxpool   64  96 128   64  48  64        0.0       0.75      1,572,864.0        786,432.0   3145728.0     786432.0       8.11%   3932160.0
4              layer1.0.relu   64  48  64   64  48  64        0.0       0.75        196,608.0        196,608.0    786432.0     786432.0       0.00%   1572864.0
5               layer1.0.bn0   64  48  64   64  48  64      128.0       0.75        786,432.0        393,216.0    786944.0     786432.0       0.00%   1573376.0
6            layer1.0.select   64  48  64   28  48  64       64.0       0.33              0.0              0.0         0.0          0.0       2.70%         0.0
7             layer1.0.conv1   28  48  64   49  48  64    12348.0       0.57     75,715,584.0     37,933,056.0    393456.0     602112.0       2.70%    995568.0
8               layer1.0.bn1   49  48  64   49  48  64       98.0       0.57        602,112.0        301,056.0    602504.0     602112.0       0.00%   1204616.0
9             layer1.0.conv2   49  48  64   64  48  64    28224.0       0.75    173,211,648.0     86,704,128.0    715008.0     786432.0       2.70%   1501440.0
10              layer1.0.bn2   64  48  64   64  48  64      128.0       0.75        786,432.0        393,216.0    786944.0     786432.0       0.00%   1573376.0
11             layer1.1.relu   64  48  64   64  48  64        0.0       0.75        196,608.0        196,608.0    786432.0     786432.0       0.00%   1572864.0
12              layer1.1.bn0   64  48  64   64  48  64      128.0       0.75        786,432.0        393,216.0    786944.0     786432.0       0.00%   1573376.0
13           layer1.1.select   64  48  64   28  48  64       64.0       0.33              0.0              0.0         0.0          0.0       2.71%         0.0
14            layer1.1.conv1   28  48  64   43  48  64    10836.0       0.50     66,444,288.0     33,288,192.0    387408.0     528384.0       2.70%    915792.0
15              layer1.1.bn1   43  48  64   43  48  64       86.0       0.50        528,384.0        264,192.0    528728.0     528384.0       0.00%   1057112.0
16            layer1.1.conv2   43  48  64   64  48  64    24768.0       0.75    151,977,984.0     76,087,296.0    627456.0     786432.0       2.70%   1413888.0
17              layer1.1.bn2   64  48  64   64  48  64      128.0       0.75        786,432.0        393,216.0    786944.0     786432.0       0.00%   1573376.0
18             layer2.0.relu  128  24  32  128  24  32        0.0       0.38         98,304.0         98,304.0    393216.0     393216.0       0.00%    786432.0
19              layer2.0.bn0   64  48  64   64  48  64      128.0       0.75        786,432.0        393,216.0    786944.0     786432.0       0.00%   1573376.0
20           layer2.0.select   64  48  64   37  48  64       64.0       0.43              0.0              0.0         0.0          0.0       0.00%         0.0
21            layer2.0.conv1   37  48  64  111  24  32    36963.0       0.33     56,689,920.0     28,387,584.0    602508.0     340992.0       2.70%    943500.0
22              layer2.0.bn1  111  24  32  111  24  32      222.0       0.33        340,992.0        170,496.0    341880.0     340992.0       0.00%    682872.0
23            layer2.0.conv2  111  24  32  128  24  32   127872.0       0.38    196,313,088.0     98,205,696.0    852480.0     393216.0       5.41%   1245696.0
24              layer2.0.bn2  128  24  32  128  24  32      256.0       0.38        393,216.0        196,608.0    394240.0     393216.0       0.00%    787456.0
25     layer2.0.downsample.0   64  48  64  128  24  32     8192.0       0.38     12,484,608.0      6,291,456.0    819200.0     393216.0       2.70%   1212416.0
26     layer2.0.downsample.1  128  24  32  128  24  32      256.0       0.38        393,216.0        196,608.0    394240.0     393216.0       0.00%    787456.0
27             layer2.1.relu  128  24  32  128  24  32        0.0       0.38         98,304.0         98,304.0    393216.0     393216.0       0.00%    786432.0
28              layer2.1.bn0  128  24  32  128  24  32      256.0       0.38        393,216.0        196,608.0    394240.0     393216.0       0.00%    787456.0
29           layer2.1.select  128  24  32   88  24  32      128.0       0.26              0.0              0.0         0.0          0.0       0.00%         0.0
30            layer2.1.conv1   88  24  32  108  24  32    85536.0       0.32    131,300,352.0     65,691,648.0    612480.0     331776.0       2.70%    944256.0
31              layer2.1.bn1  108  24  32  108  24  32      216.0       0.32        331,776.0        165,888.0    332640.0     331776.0       0.00%    664416.0
32            layer2.1.conv2  108  24  32  128  24  32   124416.0       0.38    191,004,672.0     95,551,488.0    829440.0     393216.0       2.70%   1222656.0
33              layer2.1.bn2  128  24  32  128  24  32      256.0       0.38        393,216.0        196,608.0    394240.0     393216.0       0.00%    787456.0
34             layer3.0.relu  256  12  16  256  12  16        0.0       0.19         49,152.0         49,152.0    196608.0     196608.0       0.00%    393216.0
35              layer3.0.bn0  128  24  32  128  24  32      256.0       0.38        393,216.0        196,608.0    394240.0     393216.0       0.00%    787456.0
36           layer3.0.select  128  24  32  110  24  32      128.0       0.32              0.0              0.0         0.0          0.0       0.00%         0.0
37            layer3.0.conv1  110  24  32  232  12  16   229680.0       0.17     88,152,576.0     44,098,560.0   1256640.0     178176.0       2.70%   1434816.0
38              layer3.0.bn1  232  12  16  232  12  16      464.0       0.17        178,176.0         89,088.0    180032.0     178176.0       0.00%    358208.0
39            layer3.0.conv2  232  12  16  256  12  16   534528.0       0.19    205,209,600.0    102,629,376.0   2316288.0     196608.0       5.41%   2512896.0
40              layer3.0.bn2  256  12  16  256  12  16      512.0       0.19        196,608.0         98,304.0    198656.0     196608.0       0.00%    395264.0
41     layer3.0.downsample.0  128  24  32  256  12  16    32768.0       0.19     12,533,760.0      6,291,456.0    524288.0     196608.0       2.71%    720896.0
42     layer3.0.downsample.1  256  12  16  256  12  16      512.0       0.19        196,608.0         98,304.0    198656.0     196608.0       0.00%    395264.0
43             layer3.1.relu  256  12  16  256  12  16        0.0       0.19         49,152.0         49,152.0    196608.0     196608.0       0.00%    393216.0
44              layer3.1.bn0  256  12  16  256  12  16      512.0       0.19        196,608.0         98,304.0    198656.0     196608.0       0.00%    395264.0
45           layer3.1.select  256  12  16  170  12  16      256.0       0.12              0.0              0.0         0.0          0.0       0.00%         0.0
46            layer3.1.conv1  170  12  16  211  12  16   322830.0       0.15    123,926,208.0     61,983,360.0   1421880.0     162048.0       2.71%   1583928.0
47              layer3.1.bn1  211  12  16  211  12  16      422.0       0.15        162,048.0         81,024.0    163736.0     162048.0       0.00%    325784.0
48            layer3.1.conv2  211  12  16  256  12  16   486144.0       0.19    186,630,144.0     93,339,648.0   2106624.0     196608.0       2.71%   2303232.0
49              layer3.1.bn2  256  12  16  256  12  16      512.0       0.19        196,608.0         98,304.0    198656.0     196608.0       0.00%    395264.0
50             layer4.0.relu  512   6   8  512   6   8        0.0       0.09         24,576.0         24,576.0     98304.0      98304.0       0.00%    196608.0
51              layer4.0.bn0  256  12  16  256  12  16      512.0       0.19        196,608.0         98,304.0    198656.0     196608.0       0.00%    395264.0
52           layer4.0.select  256  12  16  185  12  16      256.0       0.14              0.0              0.0         0.0          0.0       0.00%         0.0
53            layer4.0.conv1  185  12  16  450   6   8   749250.0       0.08     71,906,400.0     35,964,000.0   3139080.0      86400.0       5.41%   3225480.0
54              layer4.0.bn1  450   6   8  450   6   8      900.0       0.08         86,400.0         43,200.0     90000.0      86400.0       0.00%    176400.0
55            layer4.0.conv2  450   6   8  512   6   8  2073600.0       0.09    199,041,024.0     99,532,800.0   8380800.0      98304.0      10.82%   8479104.0
56              layer4.0.bn2  512   6   8  512   6   8     1024.0       0.09         98,304.0         49,152.0    102400.0      98304.0       0.00%    200704.0
57     layer4.0.downsample.0  256  12  16  512   6   8   131072.0       0.09     12,558,336.0      6,291,456.0    720896.0      98304.0       2.70%    819200.0
58     layer4.0.downsample.1  512   6   8  512   6   8     1024.0       0.09         98,304.0         49,152.0    102400.0      98304.0       0.00%    200704.0
59             layer4.1.relu  512   6   8  512   6   8        0.0       0.09         24,576.0         24,576.0     98304.0      98304.0       0.00%    196608.0
60              layer4.1.bn0  512   6   8  512   6   8     1024.0       0.09         98,304.0         49,152.0    102400.0      98304.0       0.00%    200704.0
61           layer4.1.select  512   6   8  188   6   8      512.0       0.03              0.0              0.0         0.0          0.0       0.00%         0.0
62            layer4.1.conv1  188   6   8  417   6   8   705564.0       0.08     67,714,128.0     33,867,072.0   2858352.0      80064.0       0.00%   2938416.0
63              layer4.1.bn1  417   6   8  417   6   8      834.0       0.08         80,064.0         40,032.0     83400.0      80064.0       0.00%    163464.0
64            layer4.1.conv2  417   6   8  512   6   8  1921536.0       0.09    184,442,880.0     92,233,728.0   7766208.0      98304.0       2.71%   7864512.0
65              layer4.1.bn2  512   6   8  512   6   8     1024.0       0.09         98,304.0         49,152.0    102400.0      98304.0       0.00%    200704.0
66                       bn2  512   6   8  512   6   8     1024.0       0.09         98,304.0         49,152.0    102400.0      98304.0       0.00%    200704.0
67                    select  512   6   8   96   6   8      512.0       0.02              0.0              0.0         0.0          0.0       0.00%         0.0
68                   avgpool   96   6   8   96   1   1        0.0       0.00              0.0              0.0         0.0          0.0       0.00%         0.0
69                        fc           96            6      582.0       0.00          1,146.0            576.0      2712.0         24.0       0.00%      2736.0
total                                                   7671071.0      26.47  2,452,826,154.0  1,227,920,640.0      2712.0         24.0     100.00%  81629716.0
===============================================================================================================================================================
Total params: 7,671,071
---------------------------------------------------------------------------------------------------------------------------------------------------------------
Total memory: 26.47MB
Total MAdd: 2.45GMAdd
Total Flops: 1.23GFlops
Total MemR+W: 77.85MB
