Configuration: 
[19, 33, 15, 24, 25, 78, 55, 73, 92, 173, 109, 129, 145, 324, 147, 300, 38]
Number of parameters: 
11185542
Test accuracy: 
tensor(0.9500)
Number of new parameters: 
5125719
Test accuracy: 
tensor(0.1729)
Prune radio: 
0.4582450273755174

                 module name  input shape output shape     params memory(MB)             MAdd          Flops  MemRead(B)  MemWrite(B) duration[%]   MemR+W(B)
0                      conv1    3 192 256   64  96 128     9408.0       3.00    230,424,576.0  115,605,504.0    627456.0    3145728.0      21.81%   3773184.0
1                        bn1   64  96 128   64  96 128      128.0       3.00      3,145,728.0    1,572,864.0   3146240.0    3145728.0       0.00%   6291968.0
2                       relu   38   6   8   38   6   8        0.0       0.01          1,824.0        1,824.0      7296.0       7296.0       0.00%     14592.0
3                    maxpool   64  96 128   64  48  64        0.0       0.75      1,572,864.0      786,432.0   3145728.0     786432.0       9.38%   3932160.0
4              layer1.0.relu   64  48  64   64  48  64        0.0       0.75        196,608.0      196,608.0    786432.0     786432.0       0.00%   1572864.0
5               layer1.0.bn0   64  48  64   64  48  64      128.0       0.75        786,432.0      393,216.0    786944.0     786432.0       0.00%   1573376.0
6            layer1.0.select   64  48  64   19  48  64       64.0       0.22              0.0            0.0         0.0          0.0       0.00%         0.0
7             layer1.0.conv1   19  48  64   33  48  64     5643.0       0.39     34,569,216.0   17,335,296.0    256044.0     405504.0       3.13%    661548.0
8               layer1.0.bn1   33  48  64   33  48  64       66.0       0.39        405,504.0      202,752.0    405768.0     405504.0       0.00%    811272.0
9             layer1.0.conv2   33  48  64   64  48  64    19008.0       0.75    116,588,544.0   58,392,576.0    481536.0     786432.0       3.13%   1267968.0
10              layer1.0.bn2   64  48  64   64  48  64      128.0       0.75        786,432.0      393,216.0    786944.0     786432.0       0.00%   1573376.0
11             layer1.1.relu   64  48  64   64  48  64        0.0       0.75        196,608.0      196,608.0    786432.0     786432.0       0.00%   1572864.0
12              layer1.1.bn0   64  48  64   64  48  64      128.0       0.75        786,432.0      393,216.0    786944.0     786432.0       3.13%   1573376.0
13           layer1.1.select   64  48  64   15  48  64       64.0       0.18              0.0            0.0         0.0          0.0       0.00%         0.0
14            layer1.1.conv1   15  48  64   24  48  64     3240.0       0.28     19,832,832.0    9,953,280.0    197280.0     294912.0       0.00%    492192.0
15              layer1.1.bn1   24  48  64   24  48  64       48.0       0.28        294,912.0      147,456.0    295104.0     294912.0       0.00%    590016.0
16            layer1.1.conv2   24  48  64   64  48  64    13824.0       0.75     84,738,048.0   42,467,328.0    350208.0     786432.0       3.12%   1136640.0
17              layer1.1.bn2   64  48  64   64  48  64      128.0       0.75        786,432.0      393,216.0    786944.0     786432.0       0.00%   1573376.0
18             layer2.0.relu  128  24  32  128  24  32        0.0       0.38         98,304.0       98,304.0    393216.0     393216.0       0.00%    786432.0
19              layer2.0.bn0   64  48  64   64  48  64      128.0       0.75        786,432.0      393,216.0    786944.0     786432.0       0.00%   1573376.0
20           layer2.0.select   64  48  64   25  48  64       64.0       0.29              0.0            0.0         0.0          0.0       3.13%         0.0
21            layer2.0.conv1   25  48  64   78  24  32    17550.0       0.23     26,896,896.0   13,478,400.0    377400.0     239616.0       3.13%    617016.0
22              layer2.0.bn1   78  24  32   78  24  32      156.0       0.23        239,616.0      119,808.0    240240.0     239616.0       0.00%    479856.0
23            layer2.0.conv2   78  24  32  128  24  32    89856.0       0.38    137,920,512.0   69,009,408.0    599040.0     393216.0       3.13%    992256.0
24              layer2.0.bn2  128  24  32  128  24  32      256.0       0.38        393,216.0      196,608.0    394240.0     393216.0       0.00%    787456.0
25     layer2.0.downsample.0   64  48  64  128  24  32     8192.0       0.38     12,484,608.0    6,291,456.0    819200.0     393216.0       3.13%   1212416.0
26     layer2.0.downsample.1  128  24  32  128  24  32      256.0       0.38        393,216.0      196,608.0    394240.0     393216.0       0.00%    787456.0
27             layer2.1.relu  128  24  32  128  24  32        0.0       0.38         98,304.0       98,304.0    393216.0     393216.0       0.00%    786432.0
28              layer2.1.bn0  128  24  32  128  24  32      256.0       0.38        393,216.0      196,608.0    394240.0     393216.0       0.00%    787456.0
29           layer2.1.select  128  24  32   55  24  32      128.0       0.16              0.0            0.0         0.0          0.0       0.00%         0.0
30            layer2.1.conv1   55  24  32   73  24  32    36135.0       0.21     55,447,296.0   27,751,680.0    313500.0     224256.0       3.13%    537756.0
31              layer2.1.bn1   73  24  32   73  24  32      146.0       0.21        224,256.0      112,128.0    224840.0     224256.0       0.00%    449096.0
32            layer2.1.conv2   73  24  32  128  24  32    84096.0       0.38    129,073,152.0   64,585,728.0    560640.0     393216.0       6.25%    953856.0
33              layer2.1.bn2  128  24  32  128  24  32      256.0       0.38        393,216.0      196,608.0    394240.0     393216.0       0.00%    787456.0
34             layer3.0.relu  256  12  16  256  12  16        0.0       0.19         49,152.0       49,152.0    196608.0     196608.0       0.00%    393216.0
35              layer3.0.bn0  128  24  32  128  24  32      256.0       0.38        393,216.0      196,608.0    394240.0     393216.0       0.00%    787456.0
36           layer3.0.select  128  24  32   92  24  32      128.0       0.27              0.0            0.0         0.0          0.0       3.13%         0.0
37            layer3.0.conv1   92  24  32  173  12  16   143244.0       0.13     54,972,480.0   27,502,848.0    855600.0     132864.0       3.13%    988464.0
38              layer3.0.bn1  173  12  16  173  12  16      346.0       0.13        132,864.0       66,432.0    134248.0     132864.0       0.00%    267112.0
39            layer3.0.conv2  173  12  16  256  12  16   398592.0       0.19    153,010,176.0   76,529,664.0   1727232.0     196608.0       6.25%   1923840.0
40              layer3.0.bn2  256  12  16  256  12  16      512.0       0.19        196,608.0       98,304.0    198656.0     196608.0       0.00%    395264.0
41     layer3.0.downsample.0  128  24  32  256  12  16    32768.0       0.19     12,533,760.0    6,291,456.0    524288.0     196608.0       3.13%    720896.0
42     layer3.0.downsample.1  256  12  16  256  12  16      512.0       0.19        196,608.0       98,304.0    198656.0     196608.0       0.00%    395264.0
43             layer3.1.relu  256  12  16  256  12  16        0.0       0.19         49,152.0       49,152.0    196608.0     196608.0       0.00%    393216.0
44              layer3.1.bn0  256  12  16  256  12  16      512.0       0.19        196,608.0       98,304.0    198656.0     196608.0       0.00%    395264.0
45           layer3.1.select  256  12  16  109  12  16      256.0       0.08              0.0            0.0         0.0          0.0       0.00%         0.0
46            layer3.1.conv1  109  12  16  129  12  16   126549.0       0.09     48,570,048.0   24,297,408.0    589908.0      99072.0       3.13%    688980.0
47              layer3.1.bn1  129  12  16  129  12  16      258.0       0.09         99,072.0       49,536.0    100104.0      99072.0       0.00%    199176.0
48            layer3.1.conv2  129  12  16  256  12  16   297216.0       0.19    114,081,792.0   57,065,472.0   1287936.0     196608.0       3.15%   1484544.0
49              layer3.1.bn2  256  12  16  256  12  16      512.0       0.19        196,608.0       98,304.0    198656.0     196608.0       0.00%    395264.0
50             layer4.0.relu  512   6   8  512   6   8        0.0       0.09         24,576.0       24,576.0     98304.0      98304.0       0.00%    196608.0
51              layer4.0.bn0  256  12  16  256  12  16      512.0       0.19        196,608.0       98,304.0    198656.0     196608.0       0.00%    395264.0
52           layer4.0.select  256  12  16  145  12  16      256.0       0.11              0.0            0.0         0.0          0.0       0.00%         0.0
53            layer4.0.conv1  145  12  16  324   6   8   422820.0       0.06     40,575,168.0   20,295,360.0   1802640.0      62208.0       3.13%   1864848.0
54              layer4.0.bn1  324   6   8  324   6   8      648.0       0.06         62,208.0       31,104.0     64800.0      62208.0       0.00%    127008.0
55            layer4.0.conv2  324   6   8  512   6   8  1492992.0       0.09    143,302,656.0   71,663,616.0   6034176.0      98304.0       3.13%   6132480.0
56              layer4.0.bn2  512   6   8  512   6   8     1024.0       0.09         98,304.0       49,152.0    102400.0      98304.0       0.00%    200704.0
57     layer4.0.downsample.0  256  12  16  512   6   8   131072.0       0.09     12,558,336.0    6,291,456.0    720896.0      98304.0       0.00%    819200.0
58     layer4.0.downsample.1  512   6   8  512   6   8     1024.0       0.09         98,304.0       49,152.0    102400.0      98304.0       0.00%    200704.0
59             layer4.1.relu  512   6   8  512   6   8        0.0       0.09         24,576.0       24,576.0     98304.0      98304.0       0.00%    196608.0
60              layer4.1.bn0  512   6   8  512   6   8     1024.0       0.09         98,304.0       49,152.0    102400.0      98304.0       0.00%    200704.0
61           layer4.1.select  512   6   8  147   6   8      512.0       0.03              0.0            0.0         0.0          0.0       0.00%         0.0
62            layer4.1.conv1  147   6   8  300   6   8   396900.0       0.05     38,088,000.0   19,051,200.0   1615824.0      57600.0       0.00%   1673424.0
63              layer4.1.bn1  300   6   8  300   6   8      600.0       0.05         57,600.0       28,800.0     60000.0      57600.0       0.00%    117600.0
64            layer4.1.conv2  300   6   8  512   6   8  1382400.0       0.09    132,685,824.0   66,355,200.0   5587200.0      98304.0       3.13%   5685504.0
65              layer4.1.bn2  512   6   8  512   6   8     1024.0       0.09         98,304.0       49,152.0    102400.0      98304.0       0.00%    200704.0
66                       bn2  512   6   8  512   6   8     1024.0       0.09         98,304.0       49,152.0    102400.0      98304.0       0.00%    200704.0
67                    select  512   6   8   38   6   8      512.0       0.01              0.0            0.0         0.0          0.0       0.00%         0.0
68                   avgpool   38   6   8   38   1   1        0.0       0.00              0.0            0.0         0.0          0.0       3.12%         0.0
69                        fc           38            6      234.0       0.00            450.0          228.0      1088.0         24.0       0.00%      1112.0
total                                                   5125719.0      24.30  1,612,700,898.0  807,757,380.0      1088.0         24.0     100.00%  67590220.0
=============================================================================================================================================================
Total params: 5,125,719
-------------------------------------------------------------------------------------------------------------------------------------------------------------
Total memory: 24.30MB
Total MAdd: 1.61GMAdd
Total Flops: 807.76MFlops
Total MemR+W: 64.46MB
