Configuration: 
[9, 14, 8, 13, 14, 41, 31, 36, 51, 89, 56, 61, 81, 173, 92, 126, 5]
Number of parameters: 
11185542
Test accuracy: 
tensor(0.1625)
Number of new parameters: 
2341262
Test accuracy: 
tensor(0.1729)
Prune radio: 
0.20931144865398565

                 module name  input shape output shape     params memory(MB)           MAdd          Flops  MemRead(B)  MemWrite(B) duration[%]   MemR+W(B)
0                      conv1    3 192 256   64  96 128     9408.0       3.00  230,424,576.0  115,605,504.0    627456.0    3145728.0       4.70%   3773184.0
1                        bn1   64  96 128   64  96 128      128.0       3.00    3,145,728.0    1,572,864.0   3146240.0    3145728.0       0.00%   6291968.0
2                       relu    5   6   8    5   6   8        0.0       0.00          240.0          240.0       960.0        960.0       0.00%      1920.0
3                    maxpool   64  96 128   64  48  64        0.0       0.75    1,572,864.0      786,432.0   3145728.0     786432.0       2.02%   3932160.0
4              layer1.0.relu   64  48  64   64  48  64        0.0       0.75      196,608.0      196,608.0    786432.0     786432.0       0.00%   1572864.0
5               layer1.0.bn0   64  48  64   64  48  64      128.0       0.75      786,432.0      393,216.0    786944.0     786432.0       0.00%   1573376.0
6            layer1.0.select   64  48  64    9  48  64       64.0       0.11            0.0            0.0         0.0          0.0       0.00%         0.0
7             layer1.0.conv1    9  48  64   14  48  64     1134.0       0.16    6,924,288.0    3,483,648.0    115128.0     172032.0      37.73%    287160.0
8               layer1.0.bn1   14  48  64   14  48  64       28.0       0.16      172,032.0       86,016.0    172144.0     172032.0       0.00%    344176.0
9             layer1.0.conv2   14  48  64   64  48  64     8064.0       0.75   49,348,608.0   24,772,608.0    204288.0     786432.0       0.67%    990720.0
10              layer1.0.bn2   64  48  64   64  48  64      128.0       0.75      786,432.0      393,216.0    786944.0     786432.0       0.00%   1573376.0
11             layer1.1.relu   64  48  64   64  48  64        0.0       0.75      196,608.0      196,608.0    786432.0     786432.0       0.00%   1572864.0
12              layer1.1.bn0   64  48  64   64  48  64      128.0       0.75      786,432.0      393,216.0    786944.0     786432.0       0.67%   1573376.0
13           layer1.1.select   64  48  64    8  48  64       64.0       0.09            0.0            0.0         0.0          0.0       0.00%         0.0
14            layer1.1.conv1    8  48  64   13  48  64      936.0       0.15    5,710,848.0    2,875,392.0    102048.0     159744.0       0.67%    261792.0
15              layer1.1.bn1   13  48  64   13  48  64       26.0       0.15      159,744.0       79,872.0    159848.0     159744.0       0.00%    319592.0
16            layer1.1.conv2   13  48  64   64  48  64     7488.0       0.75   45,809,664.0   23,003,136.0    189696.0     786432.0       0.67%    976128.0
17              layer1.1.bn2   64  48  64   64  48  64      128.0       0.75      786,432.0      393,216.0    786944.0     786432.0       0.00%   1573376.0
18             layer2.0.relu  128  24  32  128  24  32        0.0       0.38       98,304.0       98,304.0    393216.0     393216.0       0.67%    786432.0
19              layer2.0.bn0   64  48  64   64  48  64      128.0       0.75      786,432.0      393,216.0    786944.0     786432.0       0.67%   1573376.0
20           layer2.0.select   64  48  64   14  48  64       64.0       0.16            0.0            0.0         0.0          0.0       0.00%         0.0
21            layer2.0.conv1   14  48  64   41  24  32     5166.0       0.12    7,903,488.0    3,967,488.0    192696.0     125952.0       0.67%    318648.0
22              layer2.0.bn1   41  24  32   41  24  32       82.0       0.12      125,952.0       62,976.0    126280.0     125952.0       0.00%    252232.0
23            layer2.0.conv2   41  24  32  128  24  32    47232.0       0.38   72,450,048.0   36,274,176.0    314880.0     393216.0       0.67%    708096.0
24              layer2.0.bn2  128  24  32  128  24  32      256.0       0.38      393,216.0      196,608.0    394240.0     393216.0       0.00%    787456.0
25     layer2.0.downsample.0   64  48  64  128  24  32     8192.0       0.38   12,484,608.0    6,291,456.0    819200.0     393216.0       0.67%   1212416.0
26     layer2.0.downsample.1  128  24  32  128  24  32      256.0       0.38      393,216.0      196,608.0    394240.0     393216.0       0.00%    787456.0
27             layer2.1.relu  128  24  32  128  24  32        0.0       0.38       98,304.0       98,304.0    393216.0     393216.0       0.67%    786432.0
28              layer2.1.bn0  128  24  32  128  24  32      256.0       0.38      393,216.0      196,608.0    394240.0     393216.0       0.00%    787456.0
29           layer2.1.select  128  24  32   31  24  32      128.0       0.09            0.0            0.0         0.0          0.0       0.00%         0.0
30            layer2.1.conv1   31  24  32   36  24  32    10044.0       0.11   15,399,936.0    7,713,792.0    135408.0     110592.0       0.67%    246000.0
31              layer2.1.bn1   36  24  32   36  24  32       72.0       0.11      110,592.0       55,296.0    110880.0     110592.0       0.00%    221472.0
32            layer2.1.conv2   36  24  32  128  24  32    41472.0       0.38   63,602,688.0   31,850,496.0    276480.0     393216.0       0.67%    669696.0
33              layer2.1.bn2  128  24  32  128  24  32      256.0       0.38      393,216.0      196,608.0    394240.0     393216.0       0.00%    787456.0
34             layer3.0.relu  256  12  16  256  12  16        0.0       0.19       49,152.0       49,152.0    196608.0     196608.0       0.00%    393216.0
35              layer3.0.bn0  128  24  32  128  24  32      256.0       0.38      393,216.0      196,608.0    394240.0     393216.0       0.00%    787456.0
36           layer3.0.select  128  24  32   51  24  32      128.0       0.15            0.0            0.0         0.0          0.0       0.00%         0.0
37            layer3.0.conv1   51  24  32   89  12  16    40851.0       0.07   15,669,696.0    7,843,392.0    320076.0      68352.0       0.67%    388428.0
38              layer3.0.bn1   89  12  16   89  12  16      178.0       0.07       68,352.0       34,176.0     69064.0      68352.0       0.00%    137416.0
39            layer3.0.conv2   89  12  16  256  12  16   205056.0       0.19   78,692,352.0   39,370,752.0    888576.0     196608.0      39.38%   1085184.0
40              layer3.0.bn2  256  12  16  256  12  16      512.0       0.19      196,608.0       98,304.0    198656.0     196608.0       0.00%    395264.0
41     layer3.0.downsample.0  128  24  32  256  12  16    32768.0       0.19   12,533,760.0    6,291,456.0    524288.0     196608.0       0.00%    720896.0
42     layer3.0.downsample.1  256  12  16  256  12  16      512.0       0.19      196,608.0       98,304.0    198656.0     196608.0       0.00%    395264.0
43             layer3.1.relu  256  12  16  256  12  16        0.0       0.19       49,152.0       49,152.0    196608.0     196608.0       0.00%    393216.0
44              layer3.1.bn0  256  12  16  256  12  16      512.0       0.19      196,608.0       98,304.0    198656.0     196608.0       0.00%    395264.0
45           layer3.1.select  256  12  16   56  12  16      256.0       0.04            0.0            0.0         0.0          0.0       0.67%         0.0
46            layer3.1.conv1   56  12  16   61  12  16    30744.0       0.04   11,793,984.0    5,902,848.0    165984.0      46848.0       4.04%    212832.0
47              layer3.1.bn1   61  12  16   61  12  16      122.0       0.04       46,848.0       23,424.0     47336.0      46848.0       0.00%     94184.0
48            layer3.1.conv2   61  12  16  256  12  16   140544.0       0.19   53,919,744.0   26,984,448.0    609024.0     196608.0       0.67%    805632.0
49              layer3.1.bn2  256  12  16  256  12  16      512.0       0.19      196,608.0       98,304.0    198656.0     196608.0       0.00%    395264.0
50             layer4.0.relu  512   6   8  512   6   8        0.0       0.09       24,576.0       24,576.0     98304.0      98304.0       0.00%    196608.0
51              layer4.0.bn0  256  12  16  256  12  16      512.0       0.19      196,608.0       98,304.0    198656.0     196608.0       0.00%    395264.0
52           layer4.0.select  256  12  16   81  12  16      256.0       0.06            0.0            0.0         0.0          0.0       0.00%         0.0
53            layer4.0.conv1   81  12  16  173   6   8   126117.0       0.03   12,098,928.0    6,053,616.0    566676.0      33216.0       0.00%    599892.0
54              layer4.0.bn1  173   6   8  173   6   8      346.0       0.03       33,216.0       16,608.0     34600.0      33216.0       0.00%     67816.0
55            layer4.0.conv2  173   6   8  512   6   8   797184.0       0.09   76,505,088.0   38,264,832.0   3221952.0      98304.0       0.67%   3320256.0
56              layer4.0.bn2  512   6   8  512   6   8     1024.0       0.09       98,304.0       49,152.0    102400.0      98304.0       0.00%    200704.0
57     layer4.0.downsample.0  256  12  16  512   6   8   131072.0       0.09   12,558,336.0    6,291,456.0    720896.0      98304.0       0.67%    819200.0
58     layer4.0.downsample.1  512   6   8  512   6   8     1024.0       0.09       98,304.0       49,152.0    102400.0      98304.0       0.00%    200704.0
59             layer4.1.relu  512   6   8  512   6   8        0.0       0.09       24,576.0       24,576.0     98304.0      98304.0       0.00%    196608.0
60              layer4.1.bn0  512   6   8  512   6   8     1024.0       0.09       98,304.0       49,152.0    102400.0      98304.0       0.00%    200704.0
61           layer4.1.select  512   6   8   92   6   8      512.0       0.02            0.0            0.0         0.0          0.0       0.00%         0.0
62            layer4.1.conv1   92   6   8  126   6   8   104328.0       0.02   10,009,440.0    5,007,744.0    434976.0      24192.0       0.00%    459168.0
63              layer4.1.bn1  126   6   8  126   6   8      252.0       0.02       24,192.0       12,096.0     25200.0      24192.0       0.00%     49392.0
64            layer4.1.conv2  126   6   8  512   6   8   580608.0       0.09   55,713,792.0   27,869,184.0   2346624.0      98304.0       0.00%   2444928.0
65              layer4.1.bn2  512   6   8  512   6   8     1024.0       0.09       98,304.0       49,152.0    102400.0      98304.0       0.00%    200704.0
66                       bn2  512   6   8  512   6   8     1024.0       0.09       98,304.0       49,152.0    102400.0      98304.0       0.00%    200704.0
67                    select  512   6   8    5   6   8      512.0       0.00            0.0            0.0         0.0          0.0       0.00%         0.0
68                   avgpool    5   6   8    5   1   1        0.0       0.00            0.0            0.0         0.0          0.0       0.67%         0.0
69                        fc            5            6       36.0       0.00           54.0           30.0       164.0         24.0       0.00%       188.0
total                                                   2341262.0      22.20  863,123,766.0  432,871,134.0       164.0         24.0     100.00%  52695012.0
===========================================================================================================================================================
Total params: 2,341,262
-----------------------------------------------------------------------------------------------------------------------------------------------------------
Total memory: 22.20MB
Total MAdd: 863.12MMAdd
Total Flops: 432.87MFlops
Total MemR+W: 50.25MB
