0.9896

                 module name  input shape output shape      params memory(MB)             MAdd            Flops  MemRead(B)  MemWrite(B) duration[%]   MemR+W(B)
0                      conv1    3 192 256   64  96 128      9408.0       3.00    230,424,576.0    115,605,504.0    627456.0    3145728.0      55.60%   3773184.0
1                        bn1   64  96 128   64  96 128       128.0       3.00      3,145,728.0      1,572,864.0   3146240.0    3145728.0       5.36%   6291968.0
2                       relu  512   6   8  512   6   8         0.0       0.09         24,576.0         24,576.0     98304.0      98304.0       0.00%    196608.0
3                    maxpool   64  96 128   64  48  64         0.0       0.75      1,572,864.0        786,432.0   3145728.0     786432.0       3.12%   3932160.0
4              layer1.0.relu   64  48  64   64  48  64         0.0       0.75        196,608.0        196,608.0    786432.0     786432.0       0.00%   1572864.0
5               layer1.0.bn0   64  48  64   64  48  64       128.0       0.75        786,432.0        393,216.0    786944.0     786432.0       0.00%   1573376.0
6            layer1.0.select   64  48  64   64  48  64        64.0       0.75              0.0              0.0         0.0          0.0       0.45%         0.0
7             layer1.0.conv1   64  48  64   64  48  64     36864.0       0.75    226,295,808.0    113,246,208.0    933888.0     786432.0       0.22%   1720320.0
8               layer1.0.bn1   64  48  64   64  48  64       128.0       0.75        786,432.0        393,216.0    786944.0     786432.0       0.00%   1573376.0
9             layer1.0.conv2   64  48  64   64  48  64     36864.0       0.75    226,295,808.0    113,246,208.0    933888.0     786432.0       0.22%   1720320.0
10              layer1.0.bn2   64  48  64   64  48  64       128.0       0.75        786,432.0        393,216.0    786944.0     786432.0       0.00%   1573376.0
11             layer1.1.relu   64  48  64   64  48  64         0.0       0.75        196,608.0        196,608.0    786432.0     786432.0       0.00%   1572864.0
12              layer1.1.bn0   64  48  64   64  48  64       128.0       0.75        786,432.0        393,216.0    786944.0     786432.0       0.00%   1573376.0
13           layer1.1.select   64  48  64   64  48  64        64.0       0.75              0.0              0.0         0.0          0.0       0.22%         0.0
14            layer1.1.conv1   64  48  64   64  48  64     36864.0       0.75    226,295,808.0    113,246,208.0    933888.0     786432.0       0.22%   1720320.0
15              layer1.1.bn1   64  48  64   64  48  64       128.0       0.75        786,432.0        393,216.0    786944.0     786432.0       0.00%   1573376.0
16            layer1.1.conv2   64  48  64   64  48  64     36864.0       0.75    226,295,808.0    113,246,208.0    933888.0     786432.0       0.22%   1720320.0
17              layer1.1.bn2   64  48  64   64  48  64       128.0       0.75        786,432.0        393,216.0    786944.0     786432.0       0.00%   1573376.0
18             layer2.0.relu  128  24  32  128  24  32         0.0       0.38         98,304.0         98,304.0    393216.0     393216.0       0.00%    786432.0
19              layer2.0.bn0   64  48  64   64  48  64       128.0       0.75        786,432.0        393,216.0    786944.0     786432.0       0.00%   1573376.0
20           layer2.0.select   64  48  64   64  48  64        64.0       0.75              0.0              0.0         0.0          0.0       0.00%         0.0
21            layer2.0.conv1   64  48  64  128  24  32     73728.0       0.38    113,147,904.0     56,623,104.0   1081344.0     393216.0       0.22%   1474560.0
22              layer2.0.bn1  128  24  32  128  24  32       256.0       0.38        393,216.0        196,608.0    394240.0     393216.0       0.00%    787456.0
23            layer2.0.conv2  128  24  32  128  24  32    147456.0       0.38    226,394,112.0    113,246,208.0    983040.0     393216.0       0.45%   1376256.0
24              layer2.0.bn2  128  24  32  128  24  32       256.0       0.38        393,216.0        196,608.0    394240.0     393216.0       0.00%    787456.0
25     layer2.0.downsample.0   64  48  64  128  24  32      8192.0       0.38     12,484,608.0      6,291,456.0    819200.0     393216.0       0.45%   1212416.0
26     layer2.0.downsample.1  128  24  32  128  24  32       256.0       0.38        393,216.0        196,608.0    394240.0     393216.0       0.00%    787456.0
27             layer2.1.relu  128  24  32  128  24  32         0.0       0.38         98,304.0         98,304.0    393216.0     393216.0       0.00%    786432.0
28              layer2.1.bn0  128  24  32  128  24  32       256.0       0.38        393,216.0        196,608.0    394240.0     393216.0       0.00%    787456.0
29           layer2.1.select  128  24  32  128  24  32       128.0       0.38              0.0              0.0         0.0          0.0       0.00%         0.0
30            layer2.1.conv1  128  24  32  128  24  32    147456.0       0.38    226,394,112.0    113,246,208.0    983040.0     393216.0       0.45%   1376256.0
31              layer2.1.bn1  128  24  32  128  24  32       256.0       0.38        393,216.0        196,608.0    394240.0     393216.0       0.00%    787456.0
32            layer2.1.conv2  128  24  32  128  24  32    147456.0       0.38    226,394,112.0    113,246,208.0    983040.0     393216.0       0.22%   1376256.0
33              layer2.1.bn2  128  24  32  128  24  32       256.0       0.38        393,216.0        196,608.0    394240.0     393216.0       0.00%    787456.0
34             layer3.0.relu  256  12  16  256  12  16         0.0       0.19         49,152.0         49,152.0    196608.0     196608.0       0.00%    393216.0
35              layer3.0.bn0  128  24  32  128  24  32       256.0       0.38        393,216.0        196,608.0    394240.0     393216.0       0.00%    787456.0
36           layer3.0.select  128  24  32  128  24  32       128.0       0.38              0.0              0.0         0.0          0.0       0.00%         0.0
37            layer3.0.conv1  128  24  32  256  12  16    294912.0       0.19    113,197,056.0     56,623,104.0   1572864.0     196608.0       0.22%   1769472.0
38              layer3.0.bn1  256  12  16  256  12  16       512.0       0.19        196,608.0         98,304.0    198656.0     196608.0       0.00%    395264.0
39            layer3.0.conv2  256  12  16  256  12  16    589824.0       0.19    226,443,264.0    113,246,208.0   2555904.0     196608.0       0.22%   2752512.0
40              layer3.0.bn2  256  12  16  256  12  16       512.0       0.19        196,608.0         98,304.0    198656.0     196608.0       0.00%    395264.0
41     layer3.0.downsample.0  128  24  32  256  12  16     32768.0       0.19     12,533,760.0      6,291,456.0    524288.0     196608.0       0.00%    720896.0
42     layer3.0.downsample.1  256  12  16  256  12  16       512.0       0.19        196,608.0         98,304.0    198656.0     196608.0       0.00%    395264.0
43             layer3.1.relu  256  12  16  256  12  16         0.0       0.19         49,152.0         49,152.0    196608.0     196608.0       0.00%    393216.0
44              layer3.1.bn0  256  12  16  256  12  16       512.0       0.19        196,608.0         98,304.0    198656.0     196608.0       0.00%    395264.0
45           layer3.1.select  256  12  16  256  12  16       256.0       0.19              0.0              0.0         0.0          0.0       0.00%         0.0
46            layer3.1.conv1  256  12  16  256  12  16    589824.0       0.19    226,443,264.0    113,246,208.0   2555904.0     196608.0       0.45%   2752512.0
47              layer3.1.bn1  256  12  16  256  12  16       512.0       0.19        196,608.0         98,304.0    198656.0     196608.0       0.00%    395264.0
48            layer3.1.conv2  256  12  16  256  12  16    589824.0       0.19    226,443,264.0    113,246,208.0   2555904.0     196608.0       0.45%   2752512.0
49              layer3.1.bn2  256  12  16  256  12  16       512.0       0.19        196,608.0         98,304.0    198656.0     196608.0       0.00%    395264.0
50             layer4.0.relu  512   6   8  512   6   8         0.0       0.09         24,576.0         24,576.0     98304.0      98304.0       0.00%    196608.0
51              layer4.0.bn0  256  12  16  256  12  16       512.0       0.19        196,608.0         98,304.0    198656.0     196608.0       0.00%    395264.0
52           layer4.0.select  256  12  16  256  12  16       256.0       0.19              0.0              0.0         0.0          0.0       0.22%         0.0
53            layer4.0.conv1  256  12  16  512   6   8   1179648.0       0.09    113,221,632.0     56,623,104.0   4915200.0      98304.0       0.45%   5013504.0
54              layer4.0.bn1  512   6   8  512   6   8      1024.0       0.09         98,304.0         49,152.0    102400.0      98304.0       0.00%    200704.0
55            layer4.0.conv2  512   6   8  512   6   8   2359296.0       0.09    226,467,840.0    113,246,208.0   9535488.0      98304.0       0.67%   9633792.0
56              layer4.0.bn2  512   6   8  512   6   8      1024.0       0.09         98,304.0         49,152.0    102400.0      98304.0       0.22%    200704.0
57     layer4.0.downsample.0  256  12  16  512   6   8    131072.0       0.09     12,558,336.0      6,291,456.0    720896.0      98304.0       0.00%    819200.0
58     layer4.0.downsample.1  512   6   8  512   6   8      1024.0       0.09         98,304.0         49,152.0    102400.0      98304.0       0.00%    200704.0
59             layer4.1.relu  512   6   8  512   6   8         0.0       0.09         24,576.0         24,576.0     98304.0      98304.0       0.00%    196608.0
60              layer4.1.bn0  512   6   8  512   6   8      1024.0       0.09         98,304.0         49,152.0    102400.0      98304.0       0.00%    200704.0
61           layer4.1.select  512   6   8  512   6   8       512.0       0.09              0.0              0.0         0.0          0.0       0.00%         0.0
62            layer4.1.conv1  512   6   8  512   6   8   2359296.0       0.09    226,467,840.0    113,246,208.0   9535488.0      98304.0       0.45%   9633792.0
63              layer4.1.bn1  512   6   8  512   6   8      1024.0       0.09         98,304.0         49,152.0    102400.0      98304.0       0.00%    200704.0
64            layer4.1.conv2  512   6   8  512   6   8   2359296.0       0.09    226,467,840.0    113,246,208.0   9535488.0      98304.0       0.67%   9633792.0
65              layer4.1.bn2  512   6   8  512   6   8      1024.0       0.09         98,304.0         49,152.0    102400.0      98304.0       0.00%    200704.0
66                       bn2  512   6   8  512   6   8      1024.0       0.09         98,304.0         49,152.0    102400.0      98304.0       0.00%    200704.0
67                    select  512   6   8  512   6   8       512.0       0.09              0.0              0.0         0.0          0.0       0.00%         0.0
68                   avgpool  512   6   8  512   1   1         0.0       0.00              0.0              0.0         0.0          0.0       0.23%         0.0
69                        fc          512            6      3078.0       0.00          6,138.0          3,072.0     14360.0         24.0      28.33%     14384.0
total                                                   11185542.0      29.35  3,566,475,258.0  1,784,835,072.0     14360.0         24.0     100.00%  99983152.0
================================================================================================================================================================
Total params: 11,185,542
----------------------------------------------------------------------------------------------------------------------------------------------------------------
Total memory: 29.35MB
Total MAdd: 3.57GMAdd
Total Flops: 1.78GFlops
Total MemR+W: 95.35MB